7.782892154498485260e-01
7.795983986107496433e-01
6.103281532093938200e-01
3.090003485244021686e-01
6.977349075129559708e-01
8.596182957290651183e-01
6.253237577568075967e-01
9.824078296095496432e-01
9.765001270158553126e-01
1.666941311988581198e-01
2.317813647840361035e-02
1.607445485070816416e-01
9.234968252590873838e-01
9.535498498795339506e-01
2.109784187184463589e-01
3.605252508146081780e-01
5.493752616276721401e-01
2.718308491769720892e-01
4.606016210748501427e-01
6.961615648233853149e-01
5.003558966748650194e-01
7.160709905643360962e-01
5.259559362297789864e-01
1.399023119043829588e-03
3.947002866898354778e-01
4.921669699011499421e-01
4.028803313791421425e-01
3.542983001063205739e-01
5.006143194429532040e-01
4.451766288311382880e-01
9.043278819643585376e-02
2.735629200274406481e-01
9.434770977427269223e-01
2.654464133394196512e-02
3.999868964065078636e-02
2.831403597198195454e-01
5.823441702167688749e-01
9.908928029248270652e-01
9.926422374029680862e-01
9.931173724810448133e-01
1.100483309665629683e-01
6.644814459639400983e-01
5.239868344883128470e-01
1.731499098087310173e-01
9.429602449150257248e-01
2.418600859762523037e-01
9.989322688432119568e-01
5.826938151498987084e-01
1.832790006305757835e-01
3.868454219177902553e-01
1.896735289121496137e-01
4.107706730253100069e-01
5.946800689017054387e-01
7.165860931283398738e-01
4.868914823691234961e-01
3.095898177667045781e-01
5.774413728278473545e-01
4.417078195687429432e-01
3.596781026005362314e-01
3.213319320088136033e-01
2.082072401960226582e-01
4.512586240618343680e-01
4.918429102640539119e-01
8.990763147937111954e-01
7.293604610294411872e-01
7.700897729196954922e-01
3.754392475619882097e-01
3.437395352353843636e-01
6.550352059993224119e-01
7.110379932104975431e-01
1.135375752186762455e-01
1.330286893735750375e-01
4.560390576061239543e-01
1.597362301585101285e-01
9.616419037746457565e-01
8.376157448618097856e-01
5.201606870379232861e-01
2.182722577281543952e-01
1.349187225323987827e-01
9.790703454838688424e-01
7.070434956891431533e-01
8.599755569456630777e-01
3.871726278286390377e-01
2.508340198317248193e-01
2.994380189447022333e-01
8.568955284050157051e-01
4.729839905682210466e-01
6.632770470161282184e-01
8.057286074367852047e-01
2.529805046497241028e-01
7.957343897032487234e-02
7.327606050157151607e-01
9.613974775036054909e-01
9.538047341676627600e-01
4.904990518838996394e-01
6.321920644327551075e-01
7.329950198379923121e-01
9.024095032479662049e-01
1.622469187482000752e-01
4.058813223675612480e-01
