1.565291821373568926e-01
5.719385883048441199e-01
6.328509971077578289e-01
2.278740862323405114e-01
1.413932788908697225e-01
4.731926786763498427e-01
2.802976695262331397e-01
7.087857225578875209e-02
1.971836839879714809e-01
1.870192986857016626e-01
9.453014914497166465e-01
7.988470234828662919e-01
6.987166849258852341e-02
1.679581223411297231e-02
3.530016394095608634e-01
8.155122819100398823e-01
4.330208492012290744e-01
4.269812718377862248e-01
4.409456567017022710e-01
3.089631075111499703e-01
3.985960337649629981e-01
6.068458817185542475e-01
5.953219429444068789e-01
2.286386636311414922e-01
9.798553913457326292e-01
9.034603419114146661e-01
1.305917255293231882e-02
5.692257242868321576e-01
9.846837169861267780e-01
7.606140152274880606e-01
2.160496309820981731e-01
9.358202602691987337e-01
7.520621170064585304e-01
6.894966951611003481e-02
4.028038465408182445e-01
8.143357114179362588e-01
3.057687990903472652e-01
3.361334170954556333e-01
5.011672054231830487e-02
3.902438497963716113e-01
7.390493785916281144e-01
6.765405142479634648e-01
1.327698547679834196e-02
5.572873350700766615e-01
3.836863849727908393e-01
3.471599217374338187e-01
7.862014984815249852e-01
1.494303739602464987e-03
8.282452378517756175e-01
2.871576777933967373e-01
6.070782058222552457e-01
7.341521760140401476e-01
8.526022483442790012e-01
9.574208412528150136e-01
5.483420716051390364e-02
1.996863740357702754e-01
2.319337339786287089e-02
9.059576486302146625e-01
1.485448945713352398e-02
1.954016244659604329e-01
1.584364043241603959e-01
4.041464142576883800e-01
4.134686682016970316e-01
9.616624418541841468e-02
6.327947925313380795e-01
8.796722259382268039e-01
5.482807682091767054e-01
4.239921389123620932e-01
1.481187214338363090e-01
4.416416945312318099e-02
2.110367752054055357e-01
7.030449336044608533e-01
5.635465460168942453e-02
5.629343483803450621e-02
4.790423739221891797e-01
3.805789998718001055e-01
8.331764021510730256e-01
2.694716805185728425e-01
7.543922535704985499e-01
5.987487307632198830e-01
6.612479266503278330e-01
4.486546613742821155e-01
8.544144503456088113e-01
1.229135410253605620e-01
9.588621667005934324e-01
7.573617962658480973e-01
6.317979868887317885e-01
2.300376488736080027e-01
8.356950071960366211e-01
4.571406461289446721e-01
1.123098206454160586e-01
7.598565893987431208e-01
6.822296071379629900e-03
9.162458003519053928e-01
7.124235428227868594e-01
7.563052828571613651e-01
6.127273279101649317e-01
3.067239806819362924e-01
9.862162167065187113e-01
1.684812084612922201e-01
4.426076878192697350e-01
9.945797259510654742e-01
2.294690559627982074e-01
3.486909945724799842e-01
5.809682376122872194e-01
9.689188415460341375e-01
8.183828510101467391e-01
6.742070216332838317e-01
7.813045074671468582e-01
5.047897858771627222e-01
5.825829760226199916e-01
1.155771766402524658e-02
1.606960009226321429e-02
8.653846133785265682e-01
9.995398978622531683e-01
8.689082243434137487e-01
5.788216206013577780e-01
3.101029565219368678e-01
5.763025384112752114e-01
2.580426677138634162e-01
7.536706975613330917e-01
2.203211629216514922e-01
3.061956959243017362e-02
8.222085822708402603e-02
4.001478495251200584e-01
8.226791407541368395e-01
8.380673987390715451e-01
5.028480534772584720e-01
6.204217304522674503e-02
5.419087651037380882e-01
3.187084412151486301e-01
8.824315818666029765e-01
8.265763786295686755e-01
5.927162776543630773e-01
5.764564894436522424e-01
9.910621354045991982e-01
6.273360632628199873e-01
3.062166545039448629e-01
9.171588413592652866e-01
9.596379476040302059e-01
9.107621753154176991e-01
9.426016947312723104e-01
1.937293822425070200e-01
5.778410341338684475e-01
7.426565022908464542e-01
1.266472392274896608e-01
2.627602513890816560e-01
8.185127627871358058e-02
3.325660527384081133e-01
2.883802263629686724e-02
4.936830243982625044e-01
7.918641441154296023e-01
9.276515628131354330e-01
2.576968706583948610e-01
6.522508501751331789e-01
9.322904525018674837e-01
9.810178693402080707e-01
6.497278937182781045e-01
1.214475576511701016e-01
5.012954116155114992e-01
8.743588578729921679e-03
3.503545990512069164e-01
9.622047987186210793e-02
8.954476995409765827e-01
3.068405242714582482e-01
8.664749599199605967e-01
3.765137015043847901e-01
3.320893095321941768e-02
4.698220638247611047e-01
4.906220064528855618e-01
4.104221543555413021e-01
6.173279099129140857e-01
8.348231292527743541e-01
4.387537517927863062e-01
7.245610944337764758e-01
3.274237895078399019e-01
8.677748424635909341e-01
1.317507822188966893e-01
3.366383286265351993e-01
5.794619529482888387e-01
1.098472403433009559e-01
2.008735648413897401e-01
3.000109807997632938e-01
6.231830425166279275e-01
6.533256215474348982e-01
1.205707461106685363e-01
7.751911597813371246e-01
8.900521450198515261e-01
2.816323356237748765e-01
8.244576568292243390e-01
8.072113430858001148e-01
8.450898433145437316e-01
2.550434456724495202e-01
9.407992552532484787e-01
8.133160257030735973e-01
7.798888127873657705e-01
3.487267784101442114e-01
1.256137790537386056e-01
2.884862469952588215e-01
8.051850536880054143e-01
2.682103397118363874e-01
4.949114752251967397e-01
4.590121030417551040e-01
5.014806417691382023e-01
3.598187732643137737e-01
6.826605048607924386e-01
9.001056985145101663e-01
6.828350124381848962e-01
5.277293980437636201e-03
3.245771656111728909e-02
6.860135816371494277e-01
5.497892876590061428e-01
9.251857945432574448e-01
7.805051413407072536e-01
8.788164493157132329e-01
1.850727941519217934e-01
7.868655223843313840e-01
9.573074399995781247e-01
3.574360182896053617e-01
1.706145218477279624e-01
5.583829209990812670e-01
5.321312103268847071e-01
7.439157862914910213e-01
9.695253275934847537e-01
4.469660434388295078e-01
3.434977580349192205e-01
2.148269035302299290e-01
9.138735059752002288e-01
3.926628137547308883e-01
1.797408119881376276e-01
9.613550427965988909e-02
6.008069688180557311e-01
3.035981867210868490e-01
1.913338156959066838e-01
7.070803117946673488e-01
8.387298967935514771e-01
7.805338861874000500e-01
1.903217566493372592e-01
6.963460093180731114e-01
8.598521820527841308e-01
6.419585558846134798e-01
8.894415295970355961e-01
7.618560547875089517e-01
1.286896169699558445e-02
6.021670536484761138e-01
9.398075748387347828e-01
7.506037445471483993e-01
4.752985099204856123e-01
9.224275024644674748e-01
7.773611166798727323e-01
6.442803740361222609e-01
7.969845628847992414e-01
4.364404891028769162e-01
9.136220491096844754e-01
9.981640172988870408e-02
8.785633792030467237e-01
4.050727104592311001e-01
6.309922282278276340e-01
6.476899288264249543e-01
2.973966132681562513e-01
5.493163128692525321e-01
1.514832054700888664e-01
5.359390554188206979e-01
9.573489322039540061e-01
2.900421219547468787e-01
3.795818755122416510e-01
4.722899824988160411e-01
2.964489341347383844e-01
4.302829320491161624e-01
2.711576961285586673e-01
6.628895356825171836e-01
5.427180214551078352e-01
5.955193571625065907e-01
5.400072904261882245e-01
1.630387590522397456e-02
3.692458215698635193e-01
8.354842765189200993e-01
3.681304219811536438e-01
1.889773037350698237e-01
8.871258662907920423e-01
9.202964887626796653e-01
5.226850455083603686e-01
7.218763685295361832e-01
7.886525580490169052e-01
8.715947633128714456e-01
2.016812741321946101e-01
4.581291199645972645e-01
6.844824816424641689e-01
1.255500781326490678e-01
8.810791431807537544e-01
4.406570574434919285e-01
9.543544048544029268e-01
1.169610727035994557e-01
5.051003884399974941e-01
3.514319475867193621e-01
1.291611320420615883e-02
2.679130241310629934e-01
5.467106252021741719e-01
3.236869540692752789e-01
4.483235496311499535e-02
1.559092404025237411e-01
3.939348848851925711e-01
6.153698787875510057e-01
9.337715923446437971e-01
1.549623303953706621e-01
4.477916808161448436e-01
3.625590987302773627e-02
3.152451161713083483e-01
4.357334270600941029e-01
8.777491671184441957e-01
9.399745547640294685e-01
6.642865282084952083e-01
7.176494946116588336e-01
4.514523313068065091e-01
3.708273348790476209e-01
1.168916717558899920e-01
5.378051717133023324e-01
1.622891555974077527e-01
8.282754277733000992e-01
4.892344614811060532e-01
9.807665018557488734e-01
1.308040147413248588e-01
4.369548024500652383e-01
9.677764119893658146e-01
6.992551249813718783e-01
2.332807849443379045e-01
8.112065009753444134e-02
6.452607728829715672e-01
7.792617171261709830e-01
6.339348693901589726e-01
8.495164681550688712e-01
6.255107280308285223e-01
7.064799961157053332e-02
4.397948476238665583e-01
6.414597221378144365e-01
7.388091044190218115e-01
1.501490003766451364e-01
2.893402260881963173e-01
2.975874966838043534e-01
1.863633857996134235e-01
5.035034725464246907e-01
6.359740683487586921e-01
9.922950558238810004e-01
4.433908283153878971e-01
4.497135022071173660e-01
9.835183037653942861e-01
8.388270450049631899e-01
9.597850720303621186e-01
1.308500784880342049e-01
4.876629359785230600e-01
1.035568927809313866e-01
2.892136553755630946e-02
4.109554269423136841e-01
8.101674024265668184e-01
5.707485230441935453e-01
7.797691422452757148e-01
7.306371459517220224e-01
9.989370656392286829e-01
2.890829746351172291e-01
5.130921616388759432e-01
6.512644507802485272e-01
7.849516663090636559e-01
3.316634560510680618e-01
4.523759451095269446e-01
3.424997244340701741e-01
5.549739882821652648e-01
5.018488880007234698e-01
8.242451129161737500e-01
9.087039269436670841e-01
1.697928870752264396e-01
2.318781143489850871e-01
6.600581416124485790e-01
4.337569600713863105e-01
6.805630305273369096e-03
4.358371196113972612e-01
2.156443001112009483e-01
1.277779700525280004e-01
3.544061563685181326e-01
2.072645504637241620e-01
6.790138104605027980e-01
4.890989543576225174e-01
6.362175414888304736e-02
7.687429981573629112e-01
6.675627753134449893e-02
6.942422891579513866e-01
7.302256740074579699e-01
2.171077081705879985e-01
1.853080789822706409e-01
5.163885380782927692e-01
5.020706656580575800e-02
2.968361312995263512e-01
2.044870656525850094e-01
4.098385692862074325e-01
7.895288767670590735e-01
7.837661609551044295e-01
2.456274561913109888e-01
5.314298919284097256e-01
8.468732210313248965e-01
5.793106794447107077e-01
6.302214999411570595e-01
3.027644463714462830e-01
5.148352332553628452e-01
4.284325262580815918e-01
8.463149696182123982e-01
8.378372905725152142e-01
4.864225962983674822e-01
6.995758485896136358e-01
8.632121220727027033e-01
5.924557949764753806e-01
6.702369916991037790e-01
4.496254539339239464e-02
2.448986221550540909e-01
8.165004832874388496e-01
3.505676784015866465e-01
6.720317397800086301e-01
1.333334966127985854e-02
4.907979682388776688e-01
1.390053439663739843e-01
3.296638038555487205e-01
8.203462449797410683e-01
7.273917783702004147e-01
3.060213829019824416e-01
7.962973382833316016e-02
9.744987992578764135e-01
6.883124623286445143e-01
4.104382183116234151e-01
7.423930801104915433e-01
7.307108875055170483e-01
7.226180953526193385e-01
3.525715885082072454e-01
7.452308037540978924e-01
7.936213848884783317e-01
5.965791614025255374e-01
7.695199342036804779e-01
6.279305478365473370e-01
8.681304239545336587e-01
4.948431666002945928e-01
8.292258243641860149e-01
6.555353921803753758e-01
8.829725534451557944e-01
1.193349953296924948e-01
4.230798785225732273e-01
6.410237488501436820e-01
6.230146126967238684e-01
5.795484787095732671e-01
6.255596309002827704e-01
2.809764840908943739e-01
6.177584777940290373e-01
5.109646725265744038e-01
2.049378604919872560e-01
7.227054806836904488e-01
7.948231120948360262e-01
1.333822098191025374e-01
7.164506961714625088e-01
2.240513305716774761e-01
8.037023786647715662e-01
3.281341387121570197e-01
6.805141617044342395e-01
4.532418660670700650e-02
1.871392836647476354e-01
2.536319180781472227e-01
4.759671291540166216e-01
4.401355458903665197e-01
1.908493586443750223e-01
3.923178043422299588e-01
3.589353646972995859e-01
8.144212530213247314e-01
7.108076422868560007e-01
3.753695626141557717e-01
3.850465247845372696e-01
2.390945734003495637e-01
5.501641666773611217e-01
8.881474798163213613e-02
1.439794055608101253e-01
9.553719885058861161e-01
9.151309151262303487e-01
3.829738885941281756e-01
5.633873320979456700e-01
2.509242536702397386e-01
2.845110671273533010e-01
1.605167050663631745e-01
7.414740161839050714e-01
5.158428130364305364e-01
8.440354192087116125e-01
1.567121987765796032e-01
2.127105905797609386e-01
1.063860009849444399e-01
7.645155906592577821e-01
6.745562234483282182e-02
5.844150958236941085e-01
8.128164492936991170e-01
4.760909573407461348e-01
2.664734792375389461e-02
1.211541988712365736e-01
6.710698389552370857e-01
4.610479193959883260e-01
8.495216674780547983e-01
9.820430888708392425e-01
2.627686315589046195e-01
9.903721155466227444e-01
8.625685245621652619e-01
3.114245541677851392e-01
5.202233385550014688e-01
5.147634899275257414e-01
2.093200252071103495e-02
5.225690753676129896e-01
5.167303173296787788e-01
6.492248549409381786e-01
5.072108233167912372e-01
1.137290858498771762e-01
9.185601003318601965e-01
6.135596217045546918e-02
7.804128713824157737e-01
9.739130518765691802e-01
6.243674833878187780e-02
1.659864035360117951e-01
1.416169207866404545e-01
7.506781325887561529e-01
7.198791625803079297e-01
5.775385317187395895e-01
7.006474174632840723e-01
8.795929845354139021e-01
3.609135602758003492e-01
2.791186507578178322e-01
4.098529618042008327e-01
9.951249336056237071e-01
5.351000351952184264e-01
2.623533884777272673e-01
2.597937348404135705e-01
6.077638736134083342e-01
9.025142145919418102e-01
2.514974059470796997e-01
6.317902953714891190e-01
1.708803596658282631e-01
7.754048581586239219e-01
2.003838011606746683e-01
9.258843371644506215e-01
3.127025122185288497e-01
6.042168097724066600e-01
8.935002372172684559e-01
1.607062383987946097e-01
5.817793355424367707e-01
3.621196700099338361e-02
3.128153267396938109e-02
4.607388902127572683e-01
7.548820484194154190e-01
3.826392477688229654e-01
1.135997710214766698e-01
2.019930591360235006e-01
9.683771335946269598e-01
8.111187668247683558e-01
2.291215408869395898e-02
6.562107854865132373e-01
1.963516996227846478e-01
2.140616004040664100e-01
9.967059392060755307e-01
9.525211337199120942e-01
7.518421289545236252e-01
6.728725499664772736e-01
7.451382017142273995e-01
5.072370817798538267e-01
7.105189763293816574e-01
7.158000542199616234e-02
1.006359222823538513e-02
9.421811686127040675e-01
6.641814425252210441e-01
7.730439466927112591e-01
1.969206562449392628e-01
7.857301883540177556e-01
3.454486284463300638e-01
4.865899698487293756e-01
2.946058155270957490e-01
9.181397804450165401e-01
9.948114846623807850e-01
3.546005260612309362e-01
9.367224988011538800e-01
5.868522933172678480e-01
4.431685373052104415e-01
6.175474564444612957e-01
4.610103442820812081e-02
7.325260933781562178e-01
5.470651153870312866e-01
4.630273712824545251e-01
8.956866755109170741e-01
4.316617653286817236e-01
8.405990163172980534e-01
6.233413519187273044e-01
9.552490264101337614e-01
8.729447269502370599e-01
3.123116560325804869e-01
9.371154355123001434e-02
9.176473022196408591e-01
4.217410475100796807e-01
8.975764950123454877e-02
3.832184076453248878e-03
6.736910621374545549e-01
2.288426437629313970e-01
4.625416000708854058e-01
3.887131282403644139e-01
9.068225317901987825e-01
3.868656952519888836e-02
1.457230446018821235e-01
3.985956789108849874e-01
1.827357693304321185e-01
7.550171088603483405e-01
9.735232096142621971e-01
7.901513372879468422e-01
8.536267123378833421e-01
3.922981210945876152e-01
7.374670280700382774e-01
2.216141468286244587e-01
1.874857389315126577e-01
3.494515087058911451e-01
3.719276452079887108e-01
1.418433955706780436e-01
9.131315957416733520e-01
4.610776382113226379e-01
6.148399319909542138e-01
4.945247947953762546e-01
8.753389112865150867e-02
3.296907583116087670e-01
9.769309143885710478e-01
4.349609776825101859e-01
2.356137350395329788e-01
8.511620081076908262e-01
3.608691730611491844e-01
7.053004564338973825e-01
5.835392569408208718e-01
8.526946725987452069e-01
2.040678679030727416e-02
1.482793171133122145e-01
7.750303110548781849e-01
8.898517401144241390e-01
2.559908453553574326e-01
6.047698152114105996e-01
5.615071563010975986e-01
1.718164714209916566e-01
4.068172307504075436e-01
5.626223518094713993e-01
7.969694995872415033e-01
5.158935664027717305e-01
1.815087604782669173e-01
2.770853661927438205e-01
3.770245727114415191e-01
3.870403264198197801e-01
7.821652227531886714e-01
6.317968008716697836e-01
8.674047065585017702e-01
4.611889805206703663e-01
8.465795267211884134e-02
8.395563037596710521e-01
5.346323946960255258e-01
6.706905624151734413e-01
5.753541000673537686e-01
1.618705974473403364e-01
1.711550701221721260e-01
7.897714729082598861e-01
8.031673590784518257e-01
5.605777656159109945e-01
3.947434428082404745e-01
3.163040391357232473e-01
9.465023250874904370e-02
1.551423835864220724e-01
4.644062826131546418e-01
2.764500510169587422e-02
6.893829785101740493e-01
4.144554945558310832e-01
4.696910354363851292e-01
6.592043170966640497e-01
7.040865915410700060e-01
7.206477764901068062e-01
4.351895756611300348e-01
1.368575173814358115e-01
9.934918905350148544e-01
9.833828879759699548e-01
9.339273663092886313e-01
8.103388127862343193e-01
8.488660322272807424e-01
9.228844444328471175e-01
2.022532639414897915e-01
3.202417878747191304e-01
6.688178597664978797e-01
3.828330829018222747e-02
2.146616073080239717e-01
1.384557209043916215e-01
7.297235656720493235e-01
5.131106459545221599e-01
3.923281170014003560e-02
7.840286248656447299e-02
8.562984202623277197e-01
2.215879963623227367e-01
3.845312526061739344e-01
8.792464720167151304e-01
5.733807896810690918e-01
9.255580056553722734e-01
4.687187941394523882e-01
8.910730981723556932e-01
7.532670067699792638e-01
4.485103511193868631e-01
3.550042747911074104e-01
2.180759313156934720e-01
1.646246413447142176e-01
7.198014127246706861e-01
3.741209489193143556e-01
3.562175053382904411e-01
5.062950617975169321e-01
1.733114986081297770e-01
1.394566848129098480e-01
4.089490657822858477e-02
3.726859332029079930e-01
5.112013574480473999e-01
4.666186015718953861e-02
9.144484427753133415e-01
4.439554910888349193e-01
8.707541774933296175e-01
8.398577684535082355e-01
5.664213347544664323e-01
9.212940816405766897e-01
7.916134406934888235e-01
9.681718750886829650e-01
6.420150655891285751e-01
3.913579434528524637e-03
8.643981592341155595e-01
9.548932258775886250e-01
9.139977408016253246e-01
7.104412744249022360e-01
1.588032435327411118e-01
1.279409338295667276e-02
9.851031647049165452e-01
8.012222136649196358e-01
9.525592112701127823e-01
4.022063765685178760e-01
8.485524760653326837e-01
3.089110911162132878e-01
4.413824409553566142e-01
3.449423300599916420e-01
5.317083768646991837e-01
8.419323993970717623e-01
5.753116554244699365e-01
4.134926715435818245e-01
4.532287510334604974e-01
4.730414297540438406e-01
5.674546159627052999e-01
2.218954202200085213e-02
5.658425162651243845e-01
9.996792293960037323e-01
9.612819492463519078e-01
4.436125220714925987e-02
2.878521472281703186e-01
6.632170940366604039e-01
8.682022358437493370e-01
9.636858494914153361e-01
4.655959139411062209e-01
1.275564583677930575e-01
3.266199905385503977e-01
8.897760407222837786e-01
3.810551488413275179e-01
5.078128126499408257e-01
1.311108579262444396e-01
9.640464950835923030e-01
3.744022585361796995e-01
5.212717977758185572e-01
9.452824363701499699e-01
3.771604486643957976e-01
7.310243836945293783e-01
1.318824828062259424e-02
5.499937834180937957e-01
3.770941435811732134e-01
2.321152656701355177e-01
6.625988282521557693e-01
9.210646514783088490e-01
1.497933777676718758e-02
1.385077352769303882e-01
8.868256006842697436e-01
7.779706906171721670e-01
4.193066569233182550e-01
2.769916421784879290e-01
5.212074739931489287e-01
3.892132050111998254e-01
8.238876636348591020e-01
3.337051277439828656e-02
5.370566928323654565e-01
4.166581416834569396e-02
6.730532925176523351e-01
9.047140764615342334e-01
4.465860195491546669e-01
7.475161693174788846e-01
4.751467809843422652e-01
5.551461409165576733e-01
6.295199795364601059e-01
2.689064895514318154e-01
7.248688533474842988e-01
5.295314665664292431e-01
2.980585221495204440e-01
4.217793096387444374e-01
1.985103115824619069e-01
3.140493461329675329e-01
8.056788413809001792e-01
4.369425227163969971e-02
5.978121921066309463e-01
8.159773619001525757e-01
8.915003696643992726e-01
5.017417846011232863e-01
2.543096187256969065e-01
5.369953715688509099e-01
2.278526999258845276e-01
8.649079557875229973e-01
6.737403957276431044e-01
9.082375289428638032e-01
7.381006155164596683e-01
8.967933635183327201e-01
9.305763618314233376e-02
8.732239220688090553e-01
8.064003246267203995e-01
5.988296007294358070e-02
3.761451169468409406e-01
1.749527407586572991e-01
8.207139522591779812e-01
6.563429430363320050e-01
9.373323019878829765e-01
8.606825360831411587e-01
1.635856263279806821e-01
5.826600408936004616e-01
9.861960103373023090e-01
8.768914007145428569e-01
2.507402521387246397e-01
9.574978189587561861e-01
9.052148140151375921e-01
5.342293167707179435e-02
1.744158049963037138e-01
2.448857217982765011e-01
2.558950929396474061e-01
8.905225923341908434e-02
3.733683661534864529e-01
5.920902855794235586e-01
3.605019379541974933e-01
3.831790639654260033e-01
5.421948598496943994e-01
2.099427124798647348e-02
5.023798330862427886e-02
3.241940976453205892e-02
5.681116863099991976e-01
4.635558573564569906e-01
8.694193554575494476e-01
5.922094124335328669e-01
2.684583368056353558e-01
8.486637582632559074e-01
5.833548454813716200e-01
4.570818519858920181e-01
8.758546430396558780e-01
3.453616194107558268e-01
8.661231575349704892e-01
4.570727092161414040e-01
3.946366690660209064e-01
8.156849540314170532e-02
7.442671902170020504e-01
3.950613895372665496e-01
8.259215142317967162e-01
5.786267504713890064e-01
9.266549686083269677e-01
2.707777966252283841e-01
9.224855926633377390e-01
7.574556528025255808e-02
7.795289573126984450e-02
7.195896025806138852e-01
3.749324620923916163e-01
8.886363725896350152e-01
1.599049896822540839e-01
4.685646916102061965e-01
6.997646768779942628e-01
3.387364671717968401e-01
7.745579191879042869e-01
9.320965732367748613e-01
5.990874585049760226e-01
7.227498700289800571e-01
3.371326252292318193e-01
4.506590183654125559e-01
5.075151153957552230e-01
3.589233454731776130e-01
9.224615952316084222e-02
5.871861986947317646e-01
2.934663988747169272e-01
6.131884249597105985e-01
6.026701902660652754e-01
3.181439357584139316e-01
9.791543018471002835e-01
4.042897501633784252e-01
2.009738953436095432e-01
5.586945478983225133e-01
3.578888433018836412e-01
2.977959122847415596e-01
1.398887152656610455e-01
5.266421870571099673e-01
3.717969330116621673e-01
3.283553878582037289e-01
5.997237023812485024e-01
7.428126875089914316e-01
6.663671964444856100e-01
4.456922136169912951e-01
1.067549224426324050e-01
7.530142701249044057e-01
5.007379134318818981e-01
1.719672355852965850e-01
4.069761962155823420e-01
9.057032117440204644e-01
9.095726334168691141e-01
3.838287373795008506e-01
4.252967335706766550e-01
2.335321896983298950e-01
9.669516556592804291e-01
7.264591593449643003e-01
7.239150766153067407e-01
1.374246266593055488e-01
6.198846621614221286e-01
8.965640489638814215e-01
3.327908752965325068e-02
4.517924799992614204e-01
9.123889245317389207e-01
9.702423934802839600e-01
8.329415570836082860e-01
1.391624103453030781e-01
8.268971373012597992e-01
5.863323149985885108e-01
2.888951205625996943e-01
5.449093337536435877e-01
1.871624942800378388e-01
5.545347883083695528e-02
1.401395953647702752e-01
7.143922625886718336e-01
7.649101687256877335e-01
3.438036504826046391e-01
9.418289072017939079e-01
2.680887925431327812e-01
3.683705316235075244e-03
8.618075242329191754e-01
6.952297043486770356e-01
3.273817134016857588e-01
4.814850662737774067e-01
2.584787564533771453e-01
4.599624129663795191e-01
6.040588298120167510e-01
2.979044100137938633e-01
2.732544570053242472e-01
1.410863528661504551e-01
6.400894960564458280e-01
1.540084229920326564e-01
3.210329276226970840e-01
7.569705059527067625e-01
3.157675467431861893e-01
3.599070809206263988e-01
2.986782572843941219e-01
5.055988474714666614e-01
3.045413541736078367e-01
4.513769170615511417e-02
5.242127180953608523e-01
8.581085699877499806e-02
7.969120894130536925e-01
3.903273695415128142e-01
3.288058496560625210e-01
2.867128195679458091e-02
5.152353898122166154e-01
5.165778672849270503e-01
6.427939763377404914e-01
5.771973994369169469e-01
6.917788259057913169e-01
7.916951687243303226e-01
3.596142223060458942e-01
5.775184063867949691e-01
5.351786494751541445e-01
6.122852198903949716e-01
4.372162198437551384e-01
5.383508719825038646e-01
2.076205679638535306e-01
6.561696708582709370e-01
3.484168795339331881e-01
6.728595859739907592e-01
7.448826601030122951e-02
5.828283121507488174e-01
7.979603739844278731e-01
4.827773761176163969e-01
6.158026696868544869e-01
2.891521047432240588e-01
5.063946388981388491e-01
2.418908913709696407e-01
1.510790397812176167e-01
3.845231214254218877e-01
4.027826046891446188e-01
7.565850422132092135e-03
5.386686427392670673e-01
3.088179939250449424e-01
2.819900394938560373e-01
9.794128663819904324e-01
9.736955440222221370e-01
5.599898732263945966e-01
8.827042844781177733e-01
2.003722648431105480e-01
8.605423308830891793e-01
6.694250747226829779e-01
4.989986862297882686e-01
5.462303609839893603e-01
